0 0 1 1 1 1 1 0 0 0 1 0 0 0 0 1 0 0 1 1 
0 0 1 0 0 0 1 0 1 0 0 1 0 0 0 0 1 0 1 0 
1 1 0 0 0 0 0 0 0 1 0 0 0 0 1 0 1 1 1 0 
1 0 0 0 1 1 1 1 0 0 1 0 1 0 1 0 1 1 0 1 
1 0 0 1 0 0 1 1 0 1 1 1 0 1 0 0 1 1 1 0 
1 0 0 1 0 0 0 0 0 1 0 0 1 0 1 0 0 0 1 1 
1 1 0 1 1 0 0 1 1 1 0 1 1 1 1 1 0 1 0 0 
0 0 0 1 1 0 1 0 0 1 0 0 1 1 0 1 0 1 0 0 
0 1 0 0 0 0 1 0 0 1 0 1 0 0 0 0 0 0 1 0 
0 0 1 0 1 1 1 1 1 0 1 1 0 0 1 0 1 1 1 1 
1 0 0 1 1 0 0 0 0 1 0 0 0 1 1 1 0 0 0 1 
0 1 0 0 1 0 1 0 1 1 0 0 1 1 0 0 0 0 1 1 
0 0 0 1 0 1 1 1 0 0 0 1 0 0 1 0 1 1 1 0 
0 0 0 0 1 0 1 1 0 0 1 1 0 0 0 0 1 1 0 0 
0 0 1 1 0 1 1 0 0 1 1 0 1 0 0 0 0 1 1 1 
1 0 0 0 0 0 1 1 0 0 1 0 0 0 0 0 0 0 0 0 
0 1 1 1 1 0 0 0 0 1 0 0 1 1 0 0 0 1 0 0 
0 0 1 1 1 0 1 1 0 1 0 0 1 1 1 0 1 0 0 0 
1 1 1 0 1 1 0 0 1 1 0 1 1 0 1 0 0 0 0 1 
1 0 0 1 0 1 0 0 0 1 1 1 0 0 1 0 0 0 1 0 
16 2 13 14 3 18 5 7 17 15 12 8 4 11 9 19 1 6 0 10 
591