0 0 1 0 1 0 0 0 0 0 0 1 1 0 1 0 1 0 1 0 1 0 1 1 1 0 1 0 1 0 1 1 1 0 1 0 0 1 0 0 1 0 0 1 0 1 0 1 0 0 
0 0 0 1 0 1 1 0 0 0 1 0 0 1 0 1 1 1 1 0 1 0 1 0 0 1 1 1 0 0 1 1 1 1 0 1 0 0 0 1 1 0 0 1 1 1 1 0 0 0 
1 0 0 0 0 0 0 0 1 1 1 1 0 0 1 0 0 0 0 1 1 0 1 1 0 1 0 1 1 1 0 0 0 0 0 1 0 1 0 0 1 0 0 1 0 1 0 0 1 1 
0 1 0 0 1 1 1 1 0 1 0 1 0 1 0 1 0 0 1 1 1 1 0 0 1 0 0 0 1 0 0 0 0 0 0 1 1 1 1 0 0 0 0 1 1 1 1 1 0 0 
1 0 0 1 0 0 0 1 1 0 1 0 0 0 0 0 0 1 1 0 0 1 1 0 1 0 1 0 1 1 0 1 0 1 0 1 1 1 1 0 0 0 1 0 1 1 0 0 0 0 
0 1 0 1 0 0 0 0 0 1 0 1 0 1 0 1 1 1 0 0 0 0 0 0 1 0 1 0 1 1 1 0 0 1 0 0 0 0 0 0 0 1 0 0 0 1 0 1 1 1 
0 1 0 1 0 0 0 0 0 1 0 0 1 0 0 0 0 1 0 1 1 1 1 0 1 1 0 1 0 0 1 0 1 1 1 0 0 0 0 1 1 1 0 1 1 0 1 0 0 1 
0 0 0 1 1 0 0 0 0 1 0 0 0 0 1 0 0 0 1 0 1 0 0 1 1 1 0 0 0 0 0 0 0 1 0 1 0 0 1 0 1 0 1 0 0 1 1 0 0 0 
0 0 1 0 1 0 0 0 0 0 1 0 1 0 0 1 1 1 1 1 1 1 1 0 0 1 0 0 0 0 0 1 0 1 1 1 0 0 1 0 1 0 1 0 0 1 1 0 0 0 
0 0 1 1 0 1 1 1 0 0 1 0 0 0 0 0 0 1 1 0 0 0 1 0 1 0 1 1 0 1 0 0 1 0 0 0 0 0 0 0 0 0 0 0 1 0 1 1 0 1 
0 1 1 0 1 0 0 0 1 1 0 1 0 0 0 0 1 1 1 1 0 1 0 1 0 0 0 0 1 0 1 0 0 1 1 0 0 0 1 1 0 0 0 0 1 1 1 1 0 0 
1 0 1 1 0 1 0 0 0 0 1 0 1 0 1 0 1 1 0 1 0 0 0 0 0 1 1 0 0 1 0 1 0 0 0 0 1 0 1 1 0 0 1 0 0 0 1 0 0 0 
1 0 0 0 0 0 1 0 1 0 0 1 0 0 1 0 0 1 1 0 1 0 1 0 1 1 1 1 1 1 1 0 1 1 1 0 0 0 0 1 0 0 1 0 1 0 0 0 0 1 
0 1 0 1 0 1 0 0 0 0 0 0 0 0 1 1 0 0 1 0 1 0 1 0 1 1 0 0 0 1 0 1 1 1 1 0 1 0 1 0 1 1 1 0 0 0 0 1 1 1 
1 0 1 0 0 0 0 1 0 0 0 1 1 1 0 1 0 0 1 1 1 1 0 0 1 1 1 0 0 0 1 0 1 0 0 0 0 0 1 0 1 1 0 0 0 0 0 0 1 1 
0 1 0 1 0 1 0 0 1 0 0 0 0 1 1 0 1 0 1 0 0 1 0 1 1 0 0 1 1 0 1 0 0 0 1 1 1 0 1 1 0 0 1 1 1 1 1 1 1 1 
1 1 0 0 0 1 0 0 1 0 1 1 0 0 0 1 0 0 1 1 1 1 0 1 1 1 1 0 1 1 0 1 0 0 1 1 0 0 0 1 1 0 0 0 0 1 1 0 0 0 
0 1 0 0 1 1 1 0 1 1 1 1 1 0 0 0 0 0 1 0 0 1 0 0 1 0 1 0 0 0 1 0 0 1 0 0 0 1 1 1 1 1 1 0 1 1 0 0 1 1 
1 1 0 1 1 0 0 1 1 1 1 0 1 1 1 1 1 1 0 0 1 1 0 1 0 0 1 1 0 1 1 1 0 1 1 1 1 1 1 0 1 0 0 0 0 1 0 0 1 0 
0 0 1 1 0 0 1 0 1 0 1 1 0 0 1 0 1 0 0 0 0 1 1 1 0 0 0 1 1 0 0 1 1 0 0 1 1 1 1 1 0 0 0 0 0 0 0 0 1 1 
1 1 1 1 0 0 1 1 1 0 0 0 1 1 1 0 1 0 1 0 0 0 0 1 0 0 0 0 0 1 0 0 1 1 0 1 1 1 0 0 0 1 1 0 1 0 1 0 1 1 
0 0 0 1 1 0 1 0 1 0 1 0 0 0 1 1 1 1 1 1 0 0 1 1 1 1 0 1 1 1 1 1 0 1 0 0 1 1 1 0 1 0 0 0 1 0 1 0 1 0 
1 1 1 0 1 0 1 0 1 1 0 0 1 1 0 0 0 0 0 1 0 1 0 1 0 0 1 1 0 0 0 1 1 0 0 0 0 1 0 0 0 1 1 1 1 0 0 0 0 0 
1 0 1 0 0 0 0 1 0 0 1 0 0 0 0 1 1 0 1 1 1 1 1 0 1 0 0 0 1 0 0 0 1 0 1 0 0 1 1 1 0 0 1 0 1 1 1 1 1 0 
1 0 0 1 1 1 1 1 0 1 0 0 1 1 1 1 1 1 0 0 0 1 0 1 0 1 0 1 0 1 0 0 0 0 0 1 0 0 1 1 1 1 0 1 1 1 0 1 1 1 
0 1 1 0 0 0 1 1 1 0 0 1 1 1 1 0 1 0 0 0 0 1 0 0 1 0 0 0 0 0 0 0 1 0 1 1 0 0 1 0 1 0 1 1 0 0 1 0 0 0 
1 1 0 0 1 1 0 0 0 1 0 1 1 0 1 0 1 1 1 0 0 0 1 0 0 0 0 1 1 0 0 0 0 1 1 1 1 1 0 0 1 0 0 1 0 0 0 0 1 1 
0 1 1 0 0 0 1 0 0 1 0 0 1 0 0 1 0 0 1 1 0 1 1 0 1 0 1 0 1 0 0 1 0 1 0 1 0 1 1 0 1 0 1 1 0 1 1 1 1 0 
1 0 1 1 1 1 0 0 0 0 1 0 1 0 0 1 1 0 0 1 0 1 0 1 0 0 1 1 0 0 0 0 1 1 0 1 1 0 1 1 0 1 1 1 0 1 0 0 0 1 
0 0 1 0 1 1 0 0 0 1 0 1 1 1 0 0 1 0 1 0 1 1 0 0 1 0 0 0 0 0 1 0 1 1 1 0 0 1 0 1 0 1 0 1 0 1 0 1 0 0 
1 1 0 0 0 1 1 0 0 0 1 0 1 0 1 1 0 1 1 0 0 1 0 0 0 0 0 0 0 1 0 0 0 0 1 0 0 0 1 1 0 1 0 0 1 0 1 0 1 0 
1 1 0 0 1 0 0 0 1 0 0 1 0 1 0 0 1 0 1 1 0 1 1 0 0 0 0 1 0 0 0 0 1 0 0 1 0 0 0 1 1 1 0 0 0 0 1 1 0 1 
1 1 0 0 0 0 1 0 0 1 0 0 1 1 1 0 0 0 0 1 1 0 1 1 0 1 0 0 1 1 0 1 0 1 1 0 0 0 1 1 1 0 1 1 1 0 0 0 1 0 
0 1 0 0 1 1 1 1 1 0 1 0 1 1 0 0 0 1 1 0 1 1 0 0 0 0 1 1 1 1 0 0 1 0 0 0 0 1 0 0 1 1 1 0 1 0 1 0 0 0 
1 0 0 0 0 0 1 0 1 0 1 0 1 1 0 1 1 0 1 0 0 0 0 1 0 1 1 0 0 1 1 0 1 0 0 0 1 0 0 0 1 0 1 0 1 0 0 1 1 0 
0 1 1 1 1 0 0 1 1 0 0 0 0 0 0 1 1 0 1 1 1 0 0 0 1 1 1 1 1 0 0 1 0 0 0 0 1 1 1 0 1 0 1 1 1 0 1 0 0 1 
0 0 0 1 1 0 0 0 0 0 0 1 0 1 0 1 0 0 1 1 1 1 0 0 0 0 1 0 1 0 0 0 0 0 1 1 0 1 0 0 0 0 0 1 0 0 0 0 0 0 
1 0 1 1 1 0 0 0 0 0 0 0 0 0 0 0 0 1 1 1 1 1 1 1 0 0 1 1 0 1 0 0 0 1 0 1 1 0 0 1 0 0 0 1 1 0 0 0 0 1 
0 0 0 1 1 0 0 1 1 0 1 1 0 1 1 1 0 1 1 1 0 1 0 1 1 1 0 1 1 0 1 0 1 0 0 1 0 0 0 0 0 0 1 0 1 1 0 1 1 0 
0 1 0 0 0 0 1 0 0 0 1 1 1 0 0 1 1 1 0 1 0 0 0 1 1 0 0 0 1 1 1 1 1 0 0 0 0 1 0 0 0 1 0 0 0 0 0 1 0 0 
1 1 1 0 0 0 1 1 1 0 0 0 0 1 1 0 1 1 1 0 0 1 0 0 1 1 1 1 0 0 0 1 1 1 1 1 0 0 0 0 0 0 1 0 0 0 1 0 1 1 
0 0 0 0 0 1 1 0 0 0 0 0 0 1 1 0 0 1 0 0 1 0 1 0 1 0 0 0 1 1 1 1 0 1 0 0 0 0 0 1 0 0 1 1 0 0 0 1 1 1 
0 0 0 0 1 0 0 1 1 0 0 1 1 1 0 1 0 1 0 0 1 0 1 1 0 1 0 1 1 0 0 0 1 1 1 1 0 0 1 0 1 1 0 0 1 1 0 0 0 1 
1 1 1 1 0 0 1 0 0 0 0 0 0 0 0 1 0 0 0 0 0 0 1 0 1 1 1 1 1 1 0 0 1 0 0 1 1 1 0 0 0 1 0 0 0 1 0 0 1 1 
0 1 0 1 1 0 1 0 0 1 1 0 1 0 0 1 0 1 0 0 1 1 1 1 1 0 0 0 0 0 1 0 1 1 1 1 0 1 1 0 0 0 1 0 0 0 1 1 0 1 
1 1 1 1 1 1 0 1 1 0 1 0 0 0 0 1 1 1 1 0 0 0 0 1 1 0 0 1 1 1 0 0 0 0 0 0 0 0 1 0 0 0 1 1 0 0 0 1 1 0 
0 1 0 1 0 0 1 1 1 1 1 1 0 0 0 1 1 0 0 0 1 1 0 1 0 1 0 1 0 0 1 1 0 1 0 1 0 0 0 0 1 0 0 0 1 0 0 0 0 0 
1 0 0 1 0 1 0 0 0 1 1 0 0 1 0 1 0 0 0 0 0 0 0 1 1 0 0 1 0 1 0 1 0 0 1 0 0 0 1 1 0 1 0 0 1 1 0 0 0 1 
0 0 1 0 0 1 0 0 0 0 0 0 0 1 1 1 0 1 1 1 1 1 0 1 1 0 1 1 0 0 1 0 1 0 1 0 0 0 1 0 1 1 0 1 0 1 0 0 0 1 
0 0 1 0 0 1 1 0 0 1 0 0 1 1 1 1 0 1 0 1 1 0 0 0 1 0 1 0 1 0 0 1 0 0 0 1 0 1 0 0 1 1 1 1 1 0 0 1 1 0 
41 26 46 45 42 40 4 15 20 28 36 35 9 6 10 32 7 17 22 47 12 30 24 11 19 34 1 29 48 23 49 16 27 2 33 14 31 5 44 8 3 43 18 21 0 25 38 13 39 37 
9949