0 0 1 1 1 0 1 1 1 1 0 0 0 0 0 
0 0 0 0 1 0 1 1 1 0 0 1 0 1 1 
1 0 0 1 0 0 0 1 0 0 1 0 1 1 1 
1 0 1 0 1 0 1 0 0 1 0 1 0 1 0 
1 1 0 1 0 0 0 1 1 0 1 0 1 1 0 
0 0 0 0 0 0 0 1 0 1 1 0 1 0 1 
1 1 0 1 0 0 0 0 1 1 0 1 1 1 0 
1 1 1 0 1 1 0 0 1 0 1 0 0 1 0 
1 1 0 0 1 0 1 1 0 0 0 1 0 1 1 
1 0 0 1 0 1 1 0 0 0 0 0 0 1 1 
0 0 1 0 1 1 0 1 0 0 0 0 0 0 0 
0 1 0 1 0 0 1 0 1 0 0 0 0 0 1 
0 0 1 0 1 1 1 0 0 0 0 0 0 1 0 
0 1 1 1 1 0 1 1 1 1 0 0 1 0 1 
0 1 1 0 0 1 0 0 1 1 0 1 0 1 0 
7 14 10 6 12 5 3 2 1 13 8 9 4 11 0 
286