0 1 1 1 0 0 1 0 0 0 0 0 1 1 0 0 1 0 0 0 1 0 1 0 0 1 0 1 1 1 
1 0 1 1 1 0 1 0 0 0 0 0 1 0 1 1 1 0 0 0 0 1 1 1 0 0 1 1 1 0 
1 1 0 0 1 1 0 0 0 1 1 0 0 1 0 0 0 1 0 0 1 0 0 1 0 1 1 1 1 0 
1 1 0 0 1 1 1 1 1 0 1 1 0 0 1 0 1 0 0 0 0 0 1 1 1 0 1 0 1 1 
0 1 1 1 0 0 0 0 0 1 0 1 1 0 1 0 0 1 1 1 1 1 0 0 1 1 0 0 0 1 
0 0 1 1 0 0 0 0 0 1 0 0 0 1 0 1 1 0 0 1 0 1 1 1 1 1 1 1 1 1 
1 1 0 1 0 0 0 0 0 0 1 1 1 0 1 0 1 1 0 1 1 0 0 0 1 0 0 1 1 1 
0 0 0 1 0 0 0 0 1 0 0 0 0 0 1 1 1 1 0 0 0 1 1 1 0 0 1 0 1 1 
0 0 0 1 0 0 0 1 0 0 1 0 0 0 1 0 1 1 1 0 1 1 0 0 1 1 1 1 1 0 
0 0 1 0 1 1 0 0 0 0 0 0 0 1 0 0 0 1 1 0 0 1 0 1 1 1 0 1 0 0 
0 0 1 1 0 0 1 0 1 0 0 1 0 1 1 1 0 1 1 0 0 1 1 1 0 1 1 1 1 1 
0 0 0 1 1 0 1 0 0 0 1 0 0 1 1 1 0 0 1 1 1 0 1 0 1 1 0 1 1 1 
1 1 0 0 1 0 1 0 0 0 0 0 0 1 0 1 1 1 1 0 0 0 0 1 1 0 0 1 1 0 
1 0 1 0 0 1 0 0 0 1 1 1 1 0 0 0 0 1 1 0 1 1 1 1 0 1 1 0 1 0 
0 1 0 1 1 0 1 1 1 0 1 1 0 0 0 1 0 1 1 0 1 1 0 0 1 0 1 1 1 0 
0 1 0 0 0 1 0 1 0 0 1 1 1 0 1 0 0 1 0 1 0 0 0 0 1 1 1 1 1 1 
1 1 0 1 0 1 1 1 1 0 0 0 1 0 0 0 0 1 1 0 0 1 0 1 1 1 1 1 0 1 
0 0 1 0 1 0 1 1 1 1 1 0 1 1 1 1 1 0 1 1 1 1 1 1 1 0 1 1 1 0 
0 0 0 0 1 0 0 0 1 1 1 1 1 1 1 0 1 1 0 1 1 0 0 0 0 1 1 1 1 0 
0 0 0 0 1 1 1 0 0 0 0 1 0 0 0 1 0 1 1 0 1 1 1 0 1 1 0 1 0 0 
1 0 1 0 1 0 1 0 1 0 0 1 0 1 1 0 0 1 1 1 0 1 1 0 1 1 0 1 0 0 
0 1 0 0 1 1 0 1 1 1 1 0 0 1 1 0 1 1 0 1 1 0 0 0 1 1 1 1 0 1 
1 1 0 1 0 1 0 1 0 0 1 1 0 1 0 0 0 1 0 1 1 0 0 1 1 1 0 1 1 1 
0 1 1 1 0 1 0 1 0 1 1 0 1 1 0 0 1 1 0 0 0 0 1 0 0 1 1 0 1 0 
0 0 0 1 1 1 1 0 1 1 0 1 1 0 1 1 1 1 0 1 1 1 1 0 0 1 0 1 1 0 
1 0 1 0 1 1 0 0 1 1 1 1 0 1 0 1 1 0 1 1 1 1 1 1 1 0 0 0 1 0 
0 1 1 1 0 1 0 1 1 0 1 0 0 1 1 1 1 1 1 0 0 1 0 1 0 0 0 0 1 0 
1 1 1 0 0 1 1 0 1 1 1 1 1 0 1 1 1 1 1 1 1 1 1 0 1 0 0 0 0 0 
1 1 1 1 0 1 1 1 1 0 1 1 1 1 1 1 0 1 1 0 0 0 1 1 1 1 1 0 0 0 
1 0 0 1 1 1 1 1 0 0 1 1 0 0 0 1 1 0 0 0 0 1 1 0 0 0 0 0 0 0 
24 12 11 4 18 6 16 9 27 17 25 2 8 21 15 19 23 26 29 0 13 5 20 3 1 22 7 14 10 28 
2344