0 1 1 0 0 1 1 0 0 0 1 0 0 0 0 1 0 0 0 0 0 1 0 1 1 0 1 1 0 1 1 0 0 0 1 1 0 0 0 0 0 0 0 0 0 1 0 0 0 0 1 1 1 0 0 1 0 1 1 0 1 0 1 0 0 0 0 0 0 1 
1 0 1 1 1 0 0 0 1 1 1 0 0 0 0 0 0 0 1 1 0 1 1 0 1 0 0 1 1 1 1 1 1 1 0 0 1 0 1 0 0 1 0 0 1 1 0 0 0 0 1 1 1 1 1 1 0 1 0 1 0 1 0 1 0 1 0 0 0 1 
1 1 0 0 1 0 1 0 0 1 1 1 0 0 1 1 1 1 0 0 0 1 0 0 1 0 1 0 0 0 0 0 1 1 1 0 1 1 0 1 1 1 0 1 1 1 1 1 1 0 1 0 0 1 1 0 1 1 1 0 1 1 0 1 1 0 0 0 0 1 
0 1 0 0 0 1 1 1 1 0 0 1 0 1 1 1 1 0 0 1 0 1 1 0 0 1 1 1 1 0 0 0 1 1 1 0 1 1 1 1 0 0 1 1 0 1 0 0 0 1 0 1 1 0 1 0 1 1 1 1 0 0 1 0 0 0 0 0 0 1 
0 1 1 0 0 0 0 1 0 0 0 1 1 0 1 1 0 0 0 0 1 1 1 0 1 0 0 0 1 1 1 0 0 1 1 1 1 0 0 0 1 1 0 1 1 0 0 1 0 1 1 1 0 0 0 0 1 0 0 1 1 0 1 1 1 1 1 0 1 0 
1 0 0 1 0 0 1 0 0 0 1 1 0 1 0 1 0 0 0 1 1 1 1 0 1 1 1 0 0 0 0 1 0 1 1 1 1 0 1 1 1 0 0 0 0 1 0 0 0 1 0 0 0 0 0 1 0 1 0 1 1 1 0 1 1 0 0 0 0 0 
1 0 1 1 0 1 0 1 0 1 0 1 0 0 1 1 0 1 1 1 0 1 0 1 1 0 0 1 1 1 0 1 1 0 1 0 0 0 1 0 0 0 1 0 1 0 0 0 1 0 0 0 1 0 0 0 1 1 1 1 1 1 1 1 1 1 1 1 1 0 
0 0 0 1 1 0 1 0 0 0 0 1 0 0 1 0 0 1 0 0 0 1 0 0 0 1 0 1 0 1 1 0 0 0 1 1 0 0 1 0 0 0 0 0 0 0 1 0 0 1 1 0 0 1 0 1 1 0 0 1 0 1 0 0 1 1 1 1 1 1 
0 1 0 1 0 0 0 0 0 1 0 0 0 0 1 0 0 0 1 1 1 0 1 0 1 0 1 0 1 0 0 0 0 1 1 1 1 0 0 1 0 0 0 0 1 1 0 0 1 1 0 1 0 1 0 1 0 1 0 0 0 1 1 0 0 1 1 0 0 0 
0 1 1 0 0 0 1 0 1 0 0 0 1 0 0 1 0 0 1 0 0 1 0 0 0 0 0 0 1 0 0 1 0 1 0 1 0 0 1 0 1 1 0 0 1 1 0 1 0 1 1 1 0 1 1 0 0 0 0 0 1 0 1 0 1 1 0 0 0 1 
1 1 1 0 0 1 0 0 0 0 0 0 0 1 1 1 1 0 1 1 0 0 0 1 1 1 0 1 0 1 0 1 1 0 0 1 1 0 0 0 0 1 1 0 1 1 1 0 1 0 1 1 0 1 1 0 0 0 1 0 1 1 0 1 0 0 1 0 1 0 
0 0 1 1 1 1 1 1 0 0 0 0 1 1 1 0 0 0 1 1 1 0 1 0 1 0 1 0 1 0 1 1 0 0 1 1 1 0 1 1 0 0 1 1 0 0 0 1 0 1 0 1 0 1 1 1 1 1 0 0 1 1 1 0 1 0 1 1 1 0 
0 0 0 0 1 0 0 0 0 1 0 1 0 0 0 0 0 1 0 1 1 0 0 1 0 0 1 1 0 1 1 0 0 1 0 1 1 1 1 1 0 1 1 1 0 1 1 1 0 1 1 1 0 1 1 0 1 0 1 1 0 0 1 1 0 0 1 1 0 1 
0 0 0 1 0 1 0 0 0 0 1 1 0 0 1 1 0 1 1 0 1 0 0 0 1 0 1 0 1 0 1 0 1 1 1 1 0 0 0 1 0 0 0 0 0 1 1 1 1 0 0 0 1 1 1 1 0 1 0 1 0 1 0 0 0 0 1 1 1 1 
0 0 1 1 1 0 1 1 1 0 1 1 0 1 0 1 1 1 1 0 0 1 0 0 1 0 1 0 1 0 0 0 0 0 1 0 1 1 0 0 0 1 1 0 1 0 0 0 1 0 1 1 0 1 0 0 1 0 0 1 0 0 1 1 1 1 1 0 0 1 
1 0 1 1 1 1 1 0 0 1 1 0 0 1 1 0 1 1 1 1 0 1 0 0 1 1 0 1 1 0 1 0 0 1 1 0 0 1 1 1 1 0 0 1 1 0 1 1 0 1 1 0 0 0 0 1 1 0 1 0 1 0 0 1 0 1 0 1 1 1 
0 0 1 1 0 0 0 0 0 0 1 0 0 0 1 1 0 1 0 1 1 1 0 0 0 1 0 0 0 1 0 0 0 0 0 0 0 0 1 1 1 0 1 1 1 1 1 0 1 0 1 0 1 1 1 1 1 0 0 0 1 1 1 0 1 1 0 1 1 1 
0 0 1 0 0 0 1 1 0 0 0 0 1 1 1 1 1 0 1 1 0 1 1 1 0 1 0 0 0 1 1 1 0 1 1 0 1 0 1 1 0 0 0 0 0 0 1 1 1 0 0 1 0 1 0 0 0 1 1 0 0 1 0 1 1 1 0 1 1 0 
0 1 0 0 0 0 1 0 1 1 1 1 0 1 1 1 0 1 0 0 0 1 1 1 1 1 0 1 1 1 1 1 1 1 1 1 1 1 0 1 0 1 0 1 0 0 1 0 1 1 1 0 0 1 0 1 1 1 0 1 1 1 0 0 0 1 0 0 1 1 
0 1 0 1 0 1 1 0 1 0 1 1 1 0 0 1 1 1 0 0 1 1 0 0 0 1 0 1 1 0 1 0 1 1 0 1 0 0 1 1 0 1 0 0 1 1 1 1 0 0 1 1 1 1 0 1 1 0 1 1 0 0 1 0 0 1 1 0 0 1 
0 0 0 0 1 1 0 0 1 0 0 1 1 1 0 0 1 0 0 1 0 0 1 1 1 0 1 1 0 0 1 0 0 1 1 0 1 0 1 0 1 1 1 1 1 1 0 0 0 0 0 1 1 1 0 1 1 1 0 0 1 0 1 0 0 0 1 0 1 0 
1 1 1 1 1 1 1 1 0 1 0 0 0 0 1 1 1 1 1 1 0 0 1 0 1 1 0 1 0 1 0 1 1 1 1 1 1 0 1 0 0 0 0 1 0 1 1 1 1 0 1 0 0 1 1 0 0 0 0 1 1 1 1 0 0 1 0 0 0 1 
0 1 0 1 1 1 0 0 1 0 0 1 0 0 0 0 0 1 1 0 1 1 0 0 1 0 0 0 1 0 1 0 0 0 1 1 1 0 0 0 0 0 0 1 1 0 1 0 0 1 0 1 0 0 0 1 0 0 0 1 1 0 1 1 1 0 1 1 1 1 
1 0 0 0 0 0 1 0 0 0 1 0 1 0 0 0 0 1 1 0 1 0 0 0 1 0 1 1 0 1 1 1 0 1 0 0 0 1 1 1 0 1 1 1 0 1 0 0 0 1 1 1 0 1 0 0 1 1 0 1 1 1 0 1 1 1 0 0 1 0 
1 1 1 0 1 1 1 0 1 0 1 1 0 1 1 1 0 0 1 0 1 1 1 1 0 1 1 0 1 1 0 1 0 1 1 0 0 0 1 0 1 1 1 0 1 0 0 0 1 1 1 0 1 0 0 1 0 1 1 1 1 0 0 1 0 1 1 1 1 1 
0 0 0 1 0 1 0 1 0 0 1 0 0 0 0 1 1 1 1 1 0 1 0 0 1 0 1 1 1 1 0 1 0 1 1 1 0 0 0 1 0 1 0 0 1 1 0 0 0 1 0 0 0 1 0 0 0 1 0 0 0 1 0 0 0 1 1 1 1 0 
1 0 1 1 0 1 0 0 1 0 0 1 1 1 1 0 0 0 0 0 1 0 0 1 1 1 0 1 1 1 1 1 1 0 1 0 1 0 0 1 0 1 0 1 1 0 0 0 0 1 0 1 0 1 1 1 0 1 1 0 0 0 1 1 1 1 1 0 1 1 
1 1 0 1 0 0 1 1 0 0 1 0 1 0 0 1 0 0 1 1 1 1 0 1 0 1 1 0 0 0 1 1 1 1 0 1 0 1 0 1 1 0 1 1 1 1 1 1 1 0 0 1 1 0 1 0 1 0 1 1 0 1 1 1 1 0 1 1 0 0 
0 1 0 1 1 0 1 0 1 1 0 1 0 1 1 1 0 0 1 1 0 0 1 0 1 1 1 0 0 0 1 1 1 0 0 1 1 1 1 1 0 1 0 1 0 1 0 0 1 0 1 0 0 0 1 0 1 1 1 1 1 1 0 1 1 1 0 0 0 0 
1 1 0 0 1 0 1 1 0 0 1 0 1 0 0 0 1 1 1 0 0 1 0 1 1 1 1 0 0 0 0 1 0 1 0 1 0 1 0 1 1 1 0 0 0 1 1 0 0 1 1 0 1 1 0 1 1 1 1 0 1 0 1 1 0 0 0 0 0 1 
1 1 0 0 1 0 0 1 0 0 0 1 1 1 0 1 0 1 1 1 1 0 1 1 0 0 1 1 1 0 0 0 1 0 0 1 1 0 1 1 0 0 0 1 0 1 0 1 0 0 1 1 0 1 1 0 0 1 1 1 1 0 1 0 1 1 1 1 1 0 
0 1 0 0 0 1 1 0 0 1 1 1 0 0 0 0 0 1 1 0 0 1 0 1 1 1 1 1 1 1 0 0 1 0 1 0 0 1 1 1 1 1 1 1 0 0 1 0 1 0 1 1 0 0 0 1 1 0 1 0 1 1 0 0 0 0 1 1 1 0 
0 1 1 1 0 0 1 0 0 0 1 0 0 1 0 0 0 0 1 1 0 1 0 0 0 0 1 1 1 0 1 1 0 0 0 0 1 1 1 1 1 1 0 1 0 0 1 1 1 0 0 1 0 0 1 1 1 1 1 0 0 1 1 1 1 1 0 1 0 0 
0 1 1 1 1 1 0 0 1 1 0 0 1 1 0 1 0 1 1 1 1 1 0 1 1 1 0 1 0 1 0 0 0 0 0 1 0 0 1 1 0 0 1 1 1 0 1 0 0 0 1 1 1 0 1 0 0 1 0 1 0 1 0 0 0 0 1 1 1 1 
1 0 1 1 1 1 1 1 1 0 0 1 0 1 1 1 0 1 1 0 1 1 1 0 1 1 1 0 0 0 0 1 0 0 0 1 0 1 1 0 0 1 0 0 1 1 1 0 0 0 0 1 1 1 0 1 1 1 1 1 1 0 1 0 0 0 0 1 1 1 
1 0 0 0 1 1 0 1 1 1 1 1 1 1 0 0 0 0 1 1 0 1 1 0 0 1 0 1 1 1 1 0 0 1 1 0 1 0 1 1 0 1 1 1 0 0 1 1 0 1 1 0 0 0 0 1 1 1 0 0 1 0 1 0 1 0 0 0 1 0 
0 1 1 1 1 1 0 0 1 0 1 1 1 0 1 0 0 1 1 0 1 1 1 0 0 0 1 0 1 0 1 0 1 0 0 1 0 1 1 1 1 1 1 1 1 0 1 1 1 0 1 1 1 0 1 1 0 1 0 0 0 1 1 0 0 0 1 1 0 0 
0 0 1 1 0 0 0 0 0 0 0 0 1 0 1 1 0 0 1 0 0 0 0 1 0 0 0 1 1 1 0 1 1 0 1 0 1 0 1 0 0 1 0 1 0 0 1 1 1 1 1 0 0 1 1 0 0 0 0 0 0 0 1 0 1 1 0 1 1 0 
0 1 0 1 0 1 1 1 0 1 0 1 1 0 0 1 1 1 0 1 1 1 0 1 1 0 0 0 1 0 1 1 1 1 1 1 1 1 0 0 0 0 1 1 0 0 0 1 0 0 1 1 1 1 0 0 0 0 1 1 0 0 0 0 0 0 0 1 1 1 
0 0 1 1 0 1 0 0 1 0 0 1 1 1 0 1 1 1 1 1 0 0 0 1 0 1 1 1 1 1 1 1 1 1 0 1 1 0 0 0 1 1 0 1 0 1 0 1 0 1 1 1 0 1 0 1 1 1 0 1 0 1 1 0 0 0 1 1 0 1 
0 0 1 0 1 1 0 0 0 1 0 0 0 0 0 1 1 0 0 0 1 0 0 0 1 0 0 1 0 1 0 1 1 0 0 0 1 0 0 1 0 0 0 0 0 1 1 0 1 0 1 0 1 1 0 1 1 0 1 0 1 1 1 1 1 1 1 1 0 0 
0 1 1 0 1 0 0 0 0 1 1 0 1 0 1 0 0 0 1 1 1 0 0 1 1 1 1 0 1 1 0 1 1 0 1 1 1 1 0 1 0 0 1 0 1 0 0 0 0 1 1 0 0 0 1 0 0 1 1 0 0 0 0 0 1 0 1 1 1 0 
0 0 0 1 0 0 1 0 0 0 1 1 1 0 1 0 1 0 0 0 1 0 0 1 1 0 0 1 0 0 0 1 0 1 0 1 1 0 1 0 0 1 0 0 1 0 0 0 1 0 1 1 1 0 1 1 1 1 1 1 1 1 1 0 0 0 1 0 1 0 
0 0 1 1 1 0 0 0 0 0 0 1 1 0 0 1 1 0 1 0 1 1 1 1 0 0 1 1 1 0 1 1 1 1 0 1 1 1 1 1 0 0 0 0 1 1 1 0 1 0 1 0 1 0 0 0 1 0 1 0 0 1 1 1 0 0 1 0 0 0 
0 1 1 0 1 0 1 0 1 1 1 0 0 0 1 1 1 0 0 1 1 0 1 0 1 1 1 1 0 0 0 0 0 1 1 0 1 0 0 0 0 1 1 1 0 1 0 1 1 1 1 1 0 1 1 1 0 0 1 1 0 1 0 1 0 1 1 0 1 0 
1 1 1 1 0 1 0 0 1 1 1 0 1 1 0 0 1 0 0 1 1 1 0 1 0 1 0 1 1 1 1 0 0 0 1 0 0 0 0 1 1 0 0 1 1 0 1 0 1 0 1 1 1 1 0 0 1 0 0 0 0 0 1 1 0 0 0 0 1 0 
0 0 1 0 0 0 0 1 0 0 1 0 1 1 0 1 1 1 1 1 0 1 1 0 0 0 0 1 0 1 0 1 1 1 1 1 1 1 0 0 1 0 0 1 0 1 0 1 0 0 1 0 0 0 0 1 1 1 1 0 0 0 0 0 0 1 1 1 1 0 
0 0 1 0 1 0 0 0 0 1 0 1 1 1 0 1 0 1 0 1 0 1 0 0 0 0 0 1 0 0 1 0 1 0 0 1 1 1 1 1 0 0 0 0 1 0 1 0 1 0 1 0 1 1 0 0 1 1 0 1 0 0 1 0 0 1 1 1 0 1 
0 0 1 0 0 0 1 0 1 0 1 0 0 1 1 0 1 1 1 0 0 1 0 0 1 0 0 1 1 0 0 1 1 0 0 0 1 1 0 0 1 0 1 1 1 1 0 1 0 1 0 0 0 1 1 1 1 1 1 1 0 0 0 1 1 0 0 1 1 0 
0 0 0 1 1 1 0 1 1 1 0 1 1 0 0 1 0 0 1 0 0 0 1 1 1 1 1 0 0 1 0 0 0 0 0 1 0 1 0 1 0 1 0 0 1 0 0 0 1 0 0 1 0 1 0 1 1 1 0 1 0 0 0 0 0 0 0 1 0 0 
1 1 1 0 1 0 0 1 0 1 1 0 1 0 1 1 1 0 1 1 0 1 0 1 1 0 0 0 1 1 1 1 0 1 0 1 1 1 1 1 1 1 1 1 1 1 1 1 0 0 0 0 1 0 1 0 0 0 1 1 1 1 0 1 1 0 1 1 0 0 
1 1 0 1 1 0 0 0 1 1 1 1 1 0 1 0 0 1 0 1 1 0 1 1 0 0 1 1 0 0 1 1 1 1 1 0 1 0 1 1 0 0 1 0 1 1 0 0 0 1 0 0 1 0 1 0 0 0 1 1 0 1 0 1 0 0 0 0 1 1 
1 1 0 1 0 0 1 0 0 0 0 0 0 1 0 0 1 0 0 1 1 0 0 0 1 0 0 1 0 1 0 0 0 1 1 0 1 0 1 0 1 0 1 1 0 1 0 1 0 0 1 1 0 1 0 1 1 1 1 0 1 0 1 1 1 1 0 0 0 0 
0 1 1 0 0 0 0 1 1 1 1 1 1 1 1 0 1 1 1 1 1 1 0 1 0 1 1 0 0 1 1 0 0 0 1 0 0 1 1 1 1 0 0 0 1 1 0 1 1 1 0 0 1 0 0 0 1 0 1 0 1 1 0 1 1 1 0 1 0 0 
0 1 1 1 0 0 0 0 0 1 1 1 1 1 0 0 1 0 0 0 0 1 0 0 0 0 1 1 1 0 1 0 1 1 0 0 1 1 0 0 0 1 1 0 1 0 0 0 1 0 1 1 0 0 0 0 1 1 1 1 1 1 1 1 0 0 0 0 1 1 
1 1 0 0 0 1 0 1 1 0 0 1 0 1 0 1 1 0 1 1 1 0 1 0 1 0 1 0 0 1 0 1 1 0 1 1 1 0 0 1 1 0 1 0 1 0 1 0 1 1 0 0 1 0 0 0 1 0 1 1 0 1 0 0 1 0 0 0 0 1 
0 0 1 1 1 0 1 1 0 0 0 1 1 0 1 1 1 0 1 1 1 0 0 1 0 0 0 1 1 1 0 1 1 0 1 1 0 0 0 1 1 0 1 1 0 1 1 1 1 1 0 0 1 1 1 1 0 0 1 0 1 1 0 1 1 1 0 1 1 0 
1 1 1 1 0 1 1 0 1 0 0 1 0 1 0 0 0 1 1 0 1 0 0 1 1 1 1 0 1 1 1 0 1 1 1 1 1 0 0 1 0 1 1 0 0 0 1 1 1 1 0 0 1 0 1 0 0 0 0 0 0 1 0 1 1 0 1 0 1 0 
1 0 1 1 0 0 1 0 0 0 1 0 1 0 0 1 0 1 0 1 0 0 0 0 1 0 1 1 1 1 1 1 1 0 1 0 0 0 1 0 1 1 1 1 1 0 1 0 1 0 1 1 1 1 1 1 1 0 0 1 1 0 1 1 0 0 0 0 0 1 
0 1 0 1 1 1 1 1 0 0 0 0 1 1 1 0 0 0 1 1 0 1 1 1 1 0 0 1 1 0 1 0 0 1 1 0 0 0 1 1 0 0 1 0 1 0 0 1 1 1 1 1 0 0 1 1 0 0 1 0 1 1 0 0 0 0 1 0 0 0 
1 0 1 0 1 1 1 0 0 1 1 1 0 0 0 1 1 0 1 0 1 1 1 1 1 0 0 0 1 1 1 1 0 0 1 1 0 0 0 0 1 0 1 0 0 0 0 0 0 0 1 0 1 1 1 0 1 0 1 1 0 1 1 1 1 0 1 1 0 0 
0 1 1 0 0 1 1 1 1 0 1 1 0 1 0 0 1 1 1 0 0 1 0 1 0 1 0 1 1 0 0 1 1 1 0 0 1 0 0 1 1 0 1 1 1 0 0 0 0 0 1 1 0 1 1 1 1 1 0 1 1 0 0 0 0 1 0 1 1 0 
1 0 0 1 1 0 1 0 1 1 0 1 1 0 1 0 1 0 0 1 1 1 1 0 0 0 1 1 0 1 1 0 1 0 1 1 1 1 0 1 1 0 1 1 0 1 0 1 0 0 0 0 1 0 1 0 0 0 1 0 1 0 0 0 0 0 1 0 0 1 
0 1 1 0 1 1 1 0 0 0 1 0 1 0 1 1 0 1 0 0 0 0 1 1 1 0 1 1 1 1 0 0 1 0 0 0 0 0 0 0 1 0 0 1 1 1 0 0 1 0 1 1 1 1 1 0 1 1 1 0 1 0 0 0 1 0 1 0 0 1 
0 0 1 0 1 1 1 1 0 1 0 1 0 0 1 0 1 1 0 0 0 0 1 1 0 0 1 1 1 0 1 0 1 0 0 1 0 1 0 0 1 1 0 0 0 0 0 0 1 0 1 0 1 1 0 1 1 1 0 0 1 0 0 1 0 0 0 0 0 1 
0 1 0 0 1 0 1 1 1 1 0 0 0 0 1 1 1 1 1 1 0 1 0 1 1 1 1 0 1 0 1 0 1 0 0 0 0 1 0 0 1 0 0 0 1 0 1 1 0 0 0 0 1 1 0 0 1 0 0 0 0 1 0 0 0 0 0 1 0 0 
0 0 0 0 1 0 1 1 1 0 1 1 1 1 1 0 0 0 0 1 1 0 1 0 1 1 1 1 0 0 1 1 0 1 0 0 1 0 0 1 1 1 1 1 1 0 1 1 0 0 1 0 0 0 0 0 0 1 0 1 1 0 1 1 0 0 0 0 0 0 
0 0 0 0 0 0 1 1 0 0 0 1 1 1 0 1 1 1 0 0 0 0 1 0 1 1 0 1 0 0 1 1 1 1 1 0 1 1 1 1 1 1 0 0 0 0 1 1 1 1 1 0 0 1 0 0 1 0 0 0 1 1 0 0 0 1 0 0 0 1 
0 0 0 0 1 0 1 1 0 0 1 1 0 1 0 1 1 1 1 0 1 0 1 1 1 1 1 0 0 0 1 1 0 1 1 1 0 1 1 0 0 1 1 0 1 1 1 0 1 0 0 1 0 0 1 0 1 1 0 0 0 1 0 0 0 0 0 0 0 0 
1 1 1 1 0 0 0 1 0 1 0 0 1 1 1 1 1 0 1 1 0 1 1 0 1 0 1 0 0 1 0 0 0 1 1 0 0 0 1 1 0 0 0 0 0 0 0 1 0 0 0 1 0 0 1 1 0 0 1 0 0 0 1 1 1 0 0 1 0 0 
2 18 53 43 13 44 15 26 30 60 1 55 35 59 34 22 20 54 38 9 37 42 25 66 39 21 51 57 31 41 16 64 0 3 47 52 67 69 5 58 49 50 7 12 6 46 61 14 27 40 17 11 62 68 4 28 32 23 65 56 48 36 29 10 8 33 19 45 24 63 
29895